origin
channel_block befor FFT
(1.33631,0) (-0.0437988,-1.25733) (0.339954,-0.539461) (0.828141,0.195226) (0.180555,0.752669) (0.511635,-1.16657) (-0.984644,-0.230801) (-0.327692,-0.932706) (0.834208,-0.410389) (0.456164,0.392892) (0.00845807,-1.43467) (-1.17,0.0483038) (0.209326,-0.870123) (0.501756,0.0929573) (-0.192284,1.3335) (1.01978,-0.168454) (0.534522,-0.267261) (0.315736,0.503095) (-0.489249,0.67356) (-1.1226,0.284733) (0.703161,0.954851) (0.594875,0.0804546) (-0.515794,0.622044) (-0.482825,-0.0329983) (-0.299685,-1.47943) (-1.04242,0.038178) (-1.08892,-0.312177) (0.642057,-0.555852) (-0.0239974,0.439553) (-0.785855,0.965565) (0.784393,0.93869) (0.105062,0.810997) (-1.33631,0) (0.105062,-0.810997) (0.784393,-0.93869) (-0.785855,-0.965565) (-0.0239974,-0.439553) (0.642057,0.555852) (-1.08892,0.312177) (-1.04242,-0.038178) (-0.299685,1.47943) (-0.482825,0.0329983) (-0.515794,-0.622044) (0.594875,-0.0804546) (0.703161,-0.954851) (-1.1226,-0.284733) (-0.489249,-0.67356) (0.315736,-0.503095) (0.534522,0.267261) (1.01978,0.168454) (-0.192284,-1.3335) (0.501756,-0.0929573) (0.209326,0.870123) (-1.17,-0.0483038) (0.00845807,1.43467) (0.456164,-0.392892) (0.834208,0.410389) (-0.327692,0.932706) (-0.984644,0.230801) (0.511635,1.16657) (0.180555,-0.752669) (0.828141,-0.195226) (0.339954,0.539461) (-0.0437988,1.25733) 
channel estimate = 
(1.14286,-7.16851e-08) (1.14286,-0) (1.14286,-3.186e-08) (1.14286,0) (1.14286,3.186e-08) (1.14286,3.186e-08) (1.14286,-6.85185e-09) (1.14286,-0) (1.14286,2.14723e-08) (1.14286,3.186e-08) (1.14286,-1.19475e-08) (1.14286,-0) (1.14286,-1.593e-08) (1.14286,-3.186e-08) (1.14286,3.58425e-08) (1.14286,0) (1.14286,-7.96501e-09) (1.14286,3.186e-08) (1.14286,-6.372e-08) (1.14286,-0) (1.14286,3.58425e-08) (1.14286,-7.96501e-08) (1.14286,5.80938e-09) (1.14286,0) (1.14286,4.22478e-08) (1.14286,-7.96501e-08) (1.14286,-9.55801e-08) (1.14286,-0) (1.14286,0) (1.14286,-9.55801e-08) (1.14286,0) (1.14286,-2.66843e-08) (1.14286,-0) (1.14286,-2.14723e-08) (1.14286,6.372e-08) (1.14286,5.17725e-08) (1.14286,-0) (1.14286,1.593e-08) (1.14286,3.186e-08) (1.14286,-2.78775e-08) (1.14286,0) (1.14286,7.96501e-09) (1.14286,3.186e-08) (1.14286,0) (1.14286,0) (1.14286,-2.78775e-08) (1.14286,4.779e-08) (1.14286,2.77268e-08) (1.14286,0) (1.14286,8.51923e-08) (1.14286,4.779e-08) (1.14286,1.593e-07) (1.14286,0) (1.14286,-7.96501e-08) (1.14286,-1.99125e-08) (1.14286,-5.97375e-08) 

1 coarse_cfo=2502.879822  fine_cfo=3651.759277 noise_v=40.162567 aver_snr=0.617781 
2 coarse_cfo=5428.850708  fine_cfo=2543.590576 noise_v=40.234512 aver_snr=0.722601 
3 coarse_cfo=519.605865  fine_cfo=-117.916252 noise_v=92.139748 aver_snr=196.422989 





